4,0.018760888226747076,0.06093751743023516,0.05874458052325292,0.016567951319764844,0.11952285697954754,0.13472219209683672,0.1539543652426747,0.1387550301253855,class,
4,0.0320792578125,0.0945312109375,0.0945312109375,0.0320792578125,0.15833326388888888,0.15833326388888888,0.17710590277777777,0.17710590277777777,class,
4,0.10766388265103713,0.1453422169342252,0.13359377359896288,0.0959154393157748,0.10380165515953374,0.17277066092558355,0.1930555670626885,0.12408656129663868,class,
4,0.0812499942811215,0.09008314475141088,0.08248781821887849,0.07365466774858911,0.058333289429252574,0.07156006276970898,0.08759115501519187,0.07436438167473546,class,
4,0.11838767631869025,0.15625001213201667,0.15030013618130972,0.11243780036798331,0.09422798142892774,0.1402777904594886,0.1557389630155167,0.10968915398495584,class,
4,0.17187501276117875,0.1791508413948317,0.16976920598882123,0.16249337735516828,0.055555535902687206,0.1305500396390437,0.13342668631953503,0.05843218258317854,class,
4,0.6123113952044884,0.6011579897701061,0.5865031360455116,0.5976565414798939,0.2783814491856979,0.2845150462951834,0.20029243970319094,0.19415884259370544,class,
4,0.7532588045186221,0.7773437447495064,0.7712246329813779,0.7471396927504935,0.12087965042915327,0.15694447763025848,0.1698597940152912,0.13379496681418598,class,
4,0.7892383350388241,0.826495900208756,0.8234246337111758,0.786167068541244,0.10941372358144223,0.12562269869176224,0.14793433197411335,0.13172535686379336,class,
4,0.8373093919573387,0.8241389575084879,0.8203124830426611,0.8334829174915119,0.15085939251192926,0.15810221526605556,0.13611116304362628,0.12886834028949998,class,
4,0.8394714063463061,0.824218754154541,0.8233949999036939,0.838647652095459,0.23695766845537203,0.23750004790122972,0.16428594265573906,0.16374356320988137,class,
4,0.76484375,0.7984375,0.7984375,0.76484375,0.23333333333333334,0.23333333333333334,0.25416666666666665,0.25416666666666665,class,
4,0.80625,0.815625,0.815625,0.80625,0.2125,0.2125,0.22916666666666666,0.22916666666666666,class,
4,0.8171875276601679,0.8030714271903452,0.7928851285898322,0.8070012290596548,0.20138885377629828,0.26789944759346407,0.2610667017792573,0.1945561079620915,class,
4,0.8223053296558112,0.7705377862246223,0.7701074828441886,0.8218750262753775,0.3052256896684941,0.3089088698591372,0.2897943103315059,0.2861111301408628,class,
4,0.8942868846937453,0.8700470035166367,0.8679476465562546,0.8921875277333632,0.3614670837937025,0.37020247656197675,0.3517909717618529,0.34305557899357875,class,
4,0.8119590487200039,0.8284705635021933,0.8192909512799961,0.8027794364978067,0.3785018996865317,0.41549233708560723,0.42844254475791277,0.3914521073588372,class,
4,0.2968750150091667,0.31495684018561565,0.3066302974908333,0.28854847231438435,0.7847221573585529,0.8178203695959145,0.8321970093081139,0.7990987970707522,class,
4,0.32343751930589254,0.28308462000629886,0.27686669944410747,0.31721959874370115,0.7652778581383047,0.8044687402880848,0.7842343640839173,0.7450434819341374,class,
4,0.3914062282804613,0.3453981488862867,0.33502408421953866,0.3810321636137132,0.7333332955681637,0.8022258172330554,0.7803297599873916,0.7114372383225,class,
4,0.4107987855654461,0.36406250033714294,0.35795121443455385,0.40468749966285705,0.6893317911595536,0.7347222408742629,0.7148348755071132,0.6694444257924038,class,
4,0.40454154625639427,0.3730605303105083,0.3664062662436057,0.39788728218949176,0.5915030498083668,0.6297915933871375,0.6125000057471888,0.574211462168418,class,
4,0.3783052784900024,0.3992187598956296,0.39389894025999755,0.37298545885437034,0.5287251857410958,0.5444444357295506,0.5668134253700152,0.5510941753815604,class,
4,0.36823815965903306,0.3789062367395222,0.37707434034096693,0.3664062632604778,0.5480971217419534,0.5500000159920034,0.5824584338136022,0.5805555395635521,class,
4,0.37421875,0.38984375,0.38984375,0.37421875,0.5597222916666666,0.5597222916666666,0.5940885416666666,0.5940885416666666,class,
4,0.3161823582110602,0.36850096975918445,0.34997482928893975,0.2976562177408155,0.09006442329504348,0.1684063941198373,0.20750863226051205,0.12916666143571826,class,
4,0.3078124841932736,0.271542544082514,0.23685485955672642,0.27312479966748604,0.1652778406075949,0.20570344876042965,0.10734299272573844,0.0669173845729037,class,
4,0.47248714164132927,0.41328123894875485,0.4103108271086707,0.4695167298012451,0.06477489972168307,0.08611109400584814,0.06006037805609471,0.03872418377192964,class,
4,0.48930857450812165,0.5012169194028024,0.4906250192418784,0.47871667434719756,0.030594761167073672,0.034886211862985246,0.1277777388329263,0.12348628813701475,class,
4,0.5131342454877438,0.5230397414380386,0.5109374732622561,0.5010319773119615,2.497507499082335e-08,0.005447365362252718,0.07499997502492502,0.06955263463774729,class,
4,0.592187535880172,0.5811299811540095,0.565858557869828,0.5769161125959905,0.06421401042994172,0.07252521867685693,0.008311267347836054,5.910092084862286e-08,class,
4,0.8921875476561283,0.9385863684220723,0.9296054210938717,0.8832066003279276,0.11805561736872533,0.17448786830140298,0.19782549374238584,0.14139324280970816,class,
4,0.9521608791951406,0.9376996954483721,0.9222575583048593,0.9367187420516279,0.19846935421332793,0.20642199929117006,0.11767481245333873,0.10972216737549659,class,
4,0.9268345722491965,0.9382812200091749,0.9219854277508034,0.910538779990825,0.061760740580202186,0.0680556082934007,0.16170870386424224,0.15541383615104373,class,
4,0.939062467298732,0.9274850492904241,0.9211639389512681,0.932741356959576,0.5361110757100788,0.5381761644008342,0.4261753131788101,0.42411022448805463,class,
4,0.9648437270211648,0.9989021891166686,0.9965801792288354,0.9625217171333315,0.680555487591044,0.6928292512546003,0.7131934012978449,0.7009196376342886,class,
4,0.9515624729414605,0.9416345509461852,0.9321506520585394,0.9420785740538147,0.7347222350528669,0.7382999876568449,0.655125542724911,0.6515477901209329,class,
4,0.9132545174270851,0.8850784555674002,0.862448920072915,0.8906249819325998,0.7879711184007197,0.8222400369847677,0.763435548265947,0.7291666296818989,class,
4,0.9551798417852538,0.972455707927691,0.9539062519647462,0.9366303858223091,0.8715174538436129,0.8845025543820141,0.9625000461563872,0.949514945617986,class,
4,0.71953125,0.73203125,0.73203125,0.71953125,0.925,0.925,0.95,0.95,class,
4,0.071875,0.13671875,0.13671875,0.071875,0.4722222222222222,0.4722222222222222,0.49444444444444446,0.49444444444444446,class,
4,0.08046875,0.12265625,0.12265625,0.08046875,0.5,0.5,0.5666666666666667,0.5666666666666667,class,
4,0.039177033214481335,0.08338846463185091,0.07499999803551868,0.030788566618149098,0.6051082709712308,0.638339014782735,0.6736111734732136,0.6403804296617094,class,
4,0.0976562657164178,0.08598489536249485,0.0690718592835822,0.08074322963750516,0.6388889494976335,0.6502242267145456,0.5951857727245888,0.5838504955076768,class,
4,0.524611081320033,0.5098018799010464,0.49769079367996694,0.5124999950989535,0.6755622511498617,0.6977375569446619,0.6721752488501382,0.649999943055338,class,
4,0.5006884765625,0.5218749609375,0.5218749609375,0.5006884765625,0.6916667361111111,0.6916667361111111,0.7169685416666667,0.7169685416666667,class,
4,0.5445312518808804,0.5390059312910495,0.5179687481191196,0.5234940687089505,0.6472222355405869,0.6826048916715475,0.6722222089038575,0.6368395527728969,class,
4,0.5780258688365364,0.5765647516406855,0.5547866311634636,0.5562477483593145,0.6525028209662328,0.6891316672203431,0.6863860679226561,0.6497572216685458,class,
4,0.5623241707802779,0.5966014947387782,0.5937500479697222,0.5594727240112218,0.7230957646126632,0.7419459314392883,0.7583334020540033,0.7394832352273782,class,
4,0.5734374722089653,0.5946344603127607,0.5874992465410347,0.5663022584372392,0.38611104792159356,0.44479967549896055,0.452944507633962,0.394255880056595,class,
4,0.5840478158288244,0.5924301306677509,0.5761084341711756,0.5677261193322491,0.44244599312097677,0.45264092666838707,0.49505400687902323,0.48485907333161293,class,
4,0.5507108820629558,0.5734375103718597,0.562192086687044,0.5394654583781402,0.4618025223375162,0.49583341114052604,0.519568588773595,0.48553769997058516,class,
4,0.6500000202820311,0.6659097482113245,0.659960604717969,0.6440508767886756,0.46666659875024386,0.4695044606786961,0.5749142345830895,0.5720763726546373,class,
4,0.6781250236676384,0.6912149622801833,0.6849952888323616,0.6719053502198167,0.39027779290757597,0.3937948608659345,0.46695581820353516,0.46343875024517667,class,
4,0.6229695476844653,0.6406250210129207,0.6331534210655346,0.6154979477370792,0.6287933595190464,0.6611111481091834,0.6740116404809536,0.6416938518908166,class,
4,0.646875,0.6921875,0.6921875,0.646875,0.65,0.65,0.6680555555555555,0.6680555555555555,class,
4,0.7148437210512587,0.6748573081382653,0.6727276851987413,0.7127140981117347,0.6444444350824006,0.6588544488789722,0.640177509362044,0.6257674955654724,class,
4,0.6676178227049892,0.6979396278370706,0.6953124897950109,0.6649906846629293,0.5771438439679663,0.5880710158702085,0.6111111560320337,0.6001839841297915,class,
4,0.6603336487632444,0.6906249799501712,0.6882507262367556,0.6579593950498288,0.5946393505753567,0.60555554047848,0.6263778716468654,0.615461681743742,class,
4,0.6494514243933186,0.6355969984424241,0.6283331068566814,0.6421875328075759,0.7569714936857335,0.7704269624158286,0.7467887840920443,0.7333333153619492,class,
4,0.6718750487906474,0.7133166227583778,0.7043943262093526,0.6629527522416222,0.6888888261563691,0.7291370662303545,0.7581720071769644,0.7179237671029791,class,
4,0.6187267628162874,0.6515625427864803,0.6454122996837126,0.6125765197135197,0.7500541996988068,0.7819444545497924,0.801958578078971,0.7700683232279855,class,
4,0.6218763481234031,0.595330341149525,0.5836102143765969,0.610156221350475,0.7761259229451607,0.8158759273932017,0.7911387992770613,0.7513887948290204,class,
