4,0.0,0.0265625,0.0265625,0.0,0.06805555555555555,0.06805555555555555,0.0875,0.0875,class,
4,0.11092175342687052,0.08061045736975195,0.07125121532312947,0.10156251138024805,0.07767907789677987,0.10711751855904941,0.07666064432544235,0.04722220366317281,class,
4,0.12499999546126228,0.10958203873412645,0.0990390670387377,0.11445702376587355,0.08750003806558282,0.13018808537183005,0.11815329526775052,0.07546524796150328,class,
4,0.13124999084432445,0.15911748797487796,0.15380032165567553,0.12593282452512203,0.013888836018009658,0.04095387258358489,0.05825699731532367,0.031191960749748438,class,
4,0.13265668658377688,0.15546871176678384,0.15429346966622312,0.13148144448321614,0.09176428249433322,0.09583332616783018,0.11665682861677788,0.11258778494328092,class,
4,0.1578124983178854,0.14342744295575166,0.12787859543211455,0.14226365079424833,0.25277775671326785,0.26068853647538265,0.17132807662006547,0.1634172968579507,class,
4,0.12247249545028922,0.07812498516750603,0.0728400045497108,0.11718751483249397,0.3111114295220867,0.34444442242334283,0.3222219038112466,0.28888891090999047,class,
4,0.04687499150487179,0.06678718792935565,0.0644601647451282,0.04454796832064435,0.30972219527898837,0.31689802113545557,0.337306138054345,0.3301303121978778,class,
4,0.09456605989053127,0.08354750748001719,0.07335644010946872,0.0843749925199828,0.5560430652919843,0.5600138513837312,0.47063749026357127,0.4666667041718245,class,
4,0.08801331320469419,0.11875002538466564,0.11322715554530582,0.08249044336533436,0.5048705608239159,0.5347221917457478,0.5526947169538619,0.5228430860320301,class,
4,0.11642604780252723,0.13359376123605915,0.12975020219747274,0.11258248876394084,0.538485097927337,0.5513889073867811,0.5675504576282185,0.5546466481687744,class,
4,0.0734375073322544,0.0863334224395131,0.08291702391774561,0.07002110881048691,0.5625000516142984,0.5671473963419591,0.5971093928301462,0.5924620481024854,class,
4,0.071875,0.1296875,0.1296875,0.071875,0.6138888888888889,0.6138888888888889,0.6861111111111111,0.6861111111111111,class,
4,0.05077192228827325,0.06562501635295362,0.05639635896172675,0.041543264897046385,0.6501650858747923,0.6583332643869116,0.7113710252363189,0.7032028467241995,class,
4,0.02725108716547121,0.013139668745905992,0.006201100334528793,0.02031251875409401,0.8550356717251741,0.8808661613762305,0.8688859949414925,0.8430555052904363,class,
4,0.23171369700517785,0.22210545331366077,0.21906755299482214,0.22867579668633922,0.8396805238615083,0.8455312948459385,0.8297639205829361,0.823913149598506,class,
4,0.29368656789484443,0.2499064363883911,0.23043858835515554,0.27421871986160884,0.7991997109311813,0.8524469592395134,0.8018583446243743,0.7486110963160422,class,
4,0.3080090349445507,0.29552244989212595,0.2836072150554494,0.2960938001078741,0.8336640793851179,0.8381639044449205,0.7336664761704378,0.7291666511106352,class,
4,0.3648437403625566,0.32929525909421276,0.3190915721374433,0.3546400534057872,0.6819444494089583,0.761582989715113,0.747188050591042,0.6675495102848872,class,
4,0.37461197676538094,0.38593749084396495,0.3679958357346191,0.35667032165603507,0.6632162684731622,0.6694445210064425,0.7725565093046155,0.7663282567713352,class,
4,0.33359375,0.34609375,0.34609375,0.33359375,0.6111111111111112,0.6111111111111112,0.6569444444444444,0.6569444444444444,class,
4,0.39652613110569773,0.42689538246704223,0.42162558764430236,0.39125633628295786,0.642104472795633,0.6588054689193134,0.6890913605377004,0.67239036441402,class,
4,0.41640624019369055,0.3800559814299235,0.37238391605630944,0.40873417482007646,0.6319443994797298,0.6519345131175954,0.6078425449647148,0.5878524313268491,class,
4,0.385156265970336,0.3367088604554625,0.330594359029664,0.37904176454453753,0.5180556509799286,0.5769794354131632,0.5610904601311826,0.5021666756979479,class,
4,0.37656248011666593,0.41338742880420487,0.4118720511333341,0.37504710244579514,0.4652778448323171,0.4718464122120998,0.49869659961212737,0.49212803223234464,class,
4,0.43477267431903294,0.4500000249816124,0.44139216943096704,0.4261648187683876,0.5105318429129265,0.5333333016299532,0.5515014904204067,0.5287000317033802,class,
4,0.46432835688840257,0.4874999766737164,0.48133633061159753,0.4581647108262836,0.5370955026913291,0.56527782803183,0.581294497308671,0.55311217196817,class,
4,0.5269871088646959,0.5392379410877115,0.5355128911353041,0.5232620589122885,0.6009025644715897,0.6053174384892578,0.6379863244172992,0.6335714503996311,class,
4,0.47030097466030496,0.5071414792416368,0.49374996283969513,0.45690945825836327,0.6775861082411125,0.7133657693609049,0.7569444473144431,0.7211647861946507,class,
4,0.5273437489345272,0.5514125476725731,0.5472629698154728,0.5231941710774268,0.7319443868925731,0.7553201107648284,0.7688236686629826,0.7454479447907273,class,
4,0.5210937213987263,0.5251515541486392,0.5142756536012736,0.5102178208513608,0.7124999769886623,0.7543254746257699,0.7576603007891154,0.7158348031520079,class,
4,0.5398846153064392,0.5240538771534478,0.5194903846935608,0.5353211228465522,0.6598949447376101,0.6717938287811674,0.6526050552623899,0.6407061712188326,class,
4,0.5251196370375593,0.5016844846156384,0.49453364421244067,0.5179687966343616,0.6755263822151932,0.7040292061496005,0.6854472288959178,0.6569444049615106,class,
4,0.5557420890535388,0.5459948568953509,0.5441590046964612,0.553906236854649,0.7075286048503268,0.7092672393957493,0.6767386173718954,0.6749999828264729,class,
4,0.5612760352047498,0.5835937550253566,0.5773061522952502,0.5549884324746434,0.7048006670800286,0.7319444423823114,0.7482832218088602,0.7211394465065774,class,
4,0.5648170765771645,0.5547115651723233,0.5531516734228354,0.5632571848276766,0.4851404542094804,0.4869429957866663,0.4593039902349641,0.45750144865777814,class,
4,0.5876108189791812,0.5761256629636077,0.5741079310208188,0.5855930870363923,0.4324727996786526,0.4366117369971939,0.4189160892102363,0.41477715189169495,class,
4,0.24296873155421528,0.2845055691072485,0.27581798719578476,0.23428114964275154,0.005555527969023869,0.012964567925202036,0.16689530536430947,0.1594862654081313,class,
4,0.5140625393025239,0.5271879520549344,0.5097174606974761,0.49659204794506556,0.08611114169868411,0.09885860066200733,0.1557110805235381,0.1429636215602149,class,
4,0.3387261705739241,0.3890625136856326,0.3844277356760758,0.3340913925643674,0.005221176325497206,0.04305560214542202,0.06254410145228056,0.024709675632355755,class,
4,0.32486751932368685,0.3651407550289253,0.3371482619263131,0.29687502622107464,0.09106494537436088,0.18128832123444616,0.220778943514528,0.13055556765444273,class,
4,0.41510810319596364,0.40395311747225976,0.3990012718040363,0.4101562575277402,0.11526614883780291,0.12365058930742251,0.10282885116219709,0.0944444106925775,class,
4,0.4103741796875,0.42248519531249995,0.42248519531249995,0.4103741796875,0.09913326388888889,0.09913326388888889,0.12173951388888889,0.12173951388888889,class,
4,0.489630033018011,0.4703124600060572,0.45922871698198897,0.4785462899939428,0.097205163798109,0.10416669081040274,0.006961502868557654,-2.4143736086933307e-08,class,
4,0.43808930332208174,0.4147785121104259,0.40878569667791825,0.4320964878895741,0.017875601160465635,0.04051512612771702,0.021013287728423254,-0.0016262372388281383,class,
4,0.5085937317619889,0.5463292408968364,0.540008768238011,0.5022732591031636,0.18194440243933924,0.21030763331550892,0.23688420867177187,0.2085209777956022,class,
4,0.5307083449226426,0.5526241883599485,0.5344158738273573,0.5125000303900514,0.24032634718082302,0.30100528737920085,0.32179004170806585,0.261111101509688,class,
4,0.624218743962792,0.5792304690373096,0.5764635997872081,0.6214518747126905,0.2652777924287202,0.281490341020432,0.2572247075712798,0.241012158979568,class,
4,0.608593755308396,0.6194900078255895,0.5923553071916039,0.5814590546744104,0.0319444823726883,0.04826054794748581,0.10553246207175615,0.08921639649695863,class,
4,0.6467541529251786,0.6617187316357896,0.6445995970748215,0.6296350183642103,0.07902987597743269,0.09027773802209017,0.16226095735590063,0.15101309531124316,class,
4,0.6334384183604774,0.6707921852914908,0.6585937691395227,0.6212400022085094,0.17306330350680355,0.24143819894368196,0.26250002982652976,0.19412513438965134,class,
4,0.7767143355228525,0.7132287574280485,0.7107331644771475,0.7742187425719516,0.0718865244818321,0.09476499718254744,0.07287847551816791,0.05000000281745257,class,
4,0.8132601597647234,0.8038744080755732,0.7726454652352766,0.7820312169244267,0.09646907053145326,0.11052329992117103,0.04460981835743563,0.030555588967717862,class,
4,0.7572530108481889,0.799218734713236,0.7928149579018111,0.7508492340367641,0.07452051510091356,0.11527781187526409,0.13611698489908644,0.0953596881247359,class,
4,0.8419481912568736,0.8527019785411178,0.8406138399931263,0.8298600527088821,0.034653688977793376,0.10351812186935437,0.1094840887999844,0.040619655908423404,class,
4,0.8373178192482085,0.8167065711062138,0.8084193682517915,0.8290306163937862,0.07022003284966562,0.10108332638116237,0.08359191159477884,0.052728618063282086,class,
4,0.8325666827227879,0.820105644604955,0.7971134735272121,0.809574511645045,0.10942291024481074,0.15294810846940354,0.13214403419963372,0.0886188359750409,class,
4,0.8464957722446715,0.7992888832784955,0.7934181340053286,0.8406250229715049,0.14827133205612922,0.19411883382782452,0.17501422349942633,0.12916672172773105,class,
4,0.7683407553919963,0.780468752121446,0.7706184633580037,0.758490466628554,0.17110825245923048,0.1777778151677918,0.23438813642965842,0.2277185737210971,class,
4,0.7871620438388399,0.7763965719680923,0.7673595186611601,0.7781249905319078,0.31274174843881936,0.32319721376340116,0.29378880711673616,0.28333334179215436,class,
4,0.9060278367739635,0.8821562549551295,0.8714409132260365,0.8953124950448703,0.1997315183965966,0.2658253096811335,0.25359375938118117,0.18749996809664432,class,
4,0.9621513907402661,0.9318518616207452,0.9275129842597337,0.9578125133792547,0.20157760831383512,0.22435169377234815,0.2061073916861649,0.18333330622765187,class,
4,0.880297048912569,0.8535518295566151,0.843299357337431,0.8700445766933849,0.2327385545643854,0.2816948034154118,0.26399283432450343,0.21503658547347707,class,
4,0.9507812805140275,0.9405483619307823,0.9374984069859724,0.9477313255692177,0.15416663066544867,0.15599189813221165,0.1019511471123291,0.10012587964556613,class,
4,0.9035545816376676,0.9578124858471238,0.9532240121123323,0.898966107902876,0.04116238007645101,0.08194437823236718,0.10123817547910456,0.06045617732318839,class,
4,0.9851663209321618,0.9160122058020181,0.9144396165678383,0.9835937316979819,0.030458422761284663,0.055379681772023785,0.04158796612760422,0.0166667071168651,class,
4,0.8593061692455745,0.902343704902367,0.8992900807544256,0.856252545097633,0.3652211830257373,0.38888886279909307,0.4064382614187071,0.3827705816453513,class,
4,0.8538019630747107,0.8274439059524413,0.8197356931752895,0.8460937502975587,0.4008090719036598,0.44905663295498194,0.43574759476300684,0.3875000337116847,class,
4,0.8606593861516693,0.9007812559272577,0.8932753013483307,0.8531534315727424,0.41405821286153566,0.4875000334871344,0.5004598426940199,0.4270180220684211,class,
4,0.8667018250292203,0.8953125354754787,0.8896670812207796,0.8610563707745212,0.46936906979324416,0.5041666522449626,0.5188367635400891,0.48403918108837074,class,
4,0.9136113415921784,0.9287224985250383,0.9168574084078216,0.9017462514749617,0.5145144694759763,0.5258725044599786,0.5757633083018014,0.5644052733177992,class,
4,0.9437500287740781,0.958406179718794,0.950087314975922,0.9354311640312061,0.6263889413246725,0.6532165646324587,0.6675799475642165,0.6407523242564303,class,
4,0.9993761972481584,0.9611634374904116,0.9594434902518417,0.9976562500095886,0.9896759142042009,0.9999430790734323,0.9797115857957992,0.9694444209265678,class,
4,0.9289062604395569,0.9651580681563144,0.9560062395604432,0.9197544318436857,0.7611111211267232,0.8423253671628594,0.8552363788732767,0.7740221328371405,class,
4,0.8656564062920606,0.8828124583808394,0.8790439062079392,0.8618878541191604,0.8030654113494802,0.812500058125036,0.8341581997616309,0.824723552986075,class,
4,0.8640642075276548,0.845285594603658,0.8429401674723452,0.861718780396342,0.8261251560915452,0.8328924565719376,0.8123228994640104,0.8055555989836181,class,
4,0.8024701266490523,0.8570312171113554,0.8503286233509476,0.7957675328886442,0.7108989443109316,0.7638889168765292,0.7857005001335127,0.7327105275679151,class,
4,0.9662020961829331,0.9998713872684704,0.9969505600670668,0.9632812689815295,0.6373676489322003,0.661971964648468,0.6746042955122442,0.6499999797959765,class,
4,0.9820114191071599,0.9704189293472278,0.96575123714284,0.977343726902772,0.6751823729679932,0.6838956553239074,0.6642687381431179,0.6555554557872038,class,
4,0.6363284431644088,0.6147564362611594,0.6073342130855912,0.6289062199888407,0.34892641942069597,0.3884132721593498,0.3755980250237485,0.3361111722850946,class,
4,0.6265625122111511,0.6313044228751884,0.620927175288849,0.6161852646248117,0.3666667452834366,0.41554327260662965,0.41872519916100787,0.36984867183781484,class,
4,0.6085937114100014,0.6391118602087207,0.6274372260899985,0.5969190772912792,0.4097222330610518,0.4655847445152058,0.4857422113833927,0.4298796999292387,class,
4,0.6128546724406307,0.6264622253575676,0.6191765775593693,0.6055690246424325,0.48472841007361034,0.5096366076742881,0.5222160343708341,0.49730783677015633,class,
4,0.6757812662597353,0.6847261345120977,0.6744693587402646,0.6655244904879022,0.46944447931919076,0.5267250692366763,0.5317871873474759,0.47450659742999035,class,
4,0.6835937217857428,0.7199053281901739,0.7156623719642572,0.6793507655598261,0.4874999789848308,0.5147929584502222,0.5326339099040581,0.5053409304386667,class,
4,0.7216798060978247,0.764557718878379,0.7626951939021753,0.719817281121621,0.5243845267648484,0.5398365858266866,0.5561710287907071,0.540718969728869,class,
4,0.6906835507895949,0.7126231148368541,0.7077539492104051,0.6858143851631459,0.533506812125063,0.5548146138408053,0.5706598545416037,0.5493520528258613,class,
4,0.6218750176091576,0.6528267468494597,0.6416123261408423,0.6106605969005402,0.5250000177487253,0.5713471855608955,0.5950169266957192,0.548669758883549,class,
4,0.668498790945101,0.6767087138985242,0.669782459054899,0.6615725361014759,0.5139508215645535,0.5184657136107684,0.5582714006576687,0.5537565086114538,class,
4,0.6762305873639732,0.6671875055330732,0.6581444126360267,0.6671874944669268,0.6061380419547193,0.6111111078855842,0.5591397358230584,0.5541666698921935,class,
4,0.654687479328017,0.6695278345611338,0.6596940831719831,0.6448537279388662,0.5666667230659245,0.5999132930185971,0.6137863324896311,0.5805397625369584,class,
4,0.7424621274674278,0.7316299862823963,0.7235428725325722,0.7343750137176037,0.5891868030645646,0.6134538288723392,0.602044863602102,0.5777778377943273,class,
4,0.7043996498031311,0.730492468017041,0.7296875376968689,0.7035947194829589,0.604694722314726,0.6093489700645535,0.6236111110186073,0.6189568632687799,class,
4,0.6195312669668104,0.6523419778764019,0.6432977955331897,0.6104870846235981,0.5888889259945407,0.6623941472859015,0.6751532962276815,0.6016480749363208,class,
4,0.625094353239242,0.6101515554062984,0.5991197092607579,0.6140625070937016,0.6590137075827764,0.7273427782713905,0.7197179590838901,0.6513888883952763,class,
4,0.6296874485530176,0.6316466590381455,0.6203719264469825,0.6184127159618545,0.6680555482471581,0.7171713701417194,0.7185927850861751,0.6694769631916139,class,
4,0.640625,0.6515625,0.6515625,0.640625,0.6791666666666667,0.6791666666666667,0.7680555555555556,0.7680555555555556,class,
4,0.6910326994314351,0.6585018950221996,0.652625425568565,0.6851562299778003,0.7513815733871586,0.7909469141123918,0.775676482168397,0.7361111414431638,class,
4,0.6507812637641474,0.6777865865779491,0.6700320174858527,0.643026694672051,0.8194444391706904,0.8598822518226368,0.8762494497181984,0.8358116370662521,class,
4,0.65703125,0.66796875,0.66796875,0.65703125,0.8708333333333333,0.8708333333333333,0.9583333333333334,0.9583333333333334,class,
4,0.6138317325730775,0.5925951273323714,0.5834509236769224,0.6046875289176286,0.823551758904713,0.8977291624226721,0.8894551855397315,0.8152777820217724,class,
4,0.6250162935665459,0.6648437183726652,0.6499452689334542,0.6101178441273348,0.7204975215050168,0.8097221555553271,0.830740256272761,0.7415156222224507,class,
4,0.6179650101141954,0.5783587339503325,0.5705499898858045,0.6101562660496673,0.7745012204999695,0.8042705517160168,0.7714360017222529,0.7416666705062056,class,
4,0.610061240655289,0.5954575279046446,0.583052509344711,0.5976562220953554,0.7300005150519272,0.762716916006794,0.7452164293925171,0.7125000284376503,class,
4,0.7357468713051082,0.7252978773356122,0.7220656286948918,0.7325146226643877,0.9300259958478004,0.9357722156535258,0.9171962263744219,0.9114500065686966,class,
4,0.7822170620145044,0.7714975830666359,0.7662204379854957,0.7769399169333642,0.996208958408651,1.0000719665726228,0.953791041591349,0.9499280334273773,class,
4,0.9907594214796811,0.99921873215684,0.9826780785203189,0.97421876784316,0.8985625849927179,0.9438228247718502,0.9535935261183932,0.908333286339261,class,
