4,0.09786269863352987,0.10625003055841017,0.09142558261647013,0.0830382506915898,0.007887546995933706,0.012500001754819993,0.0976971752262885,0.09308472046740222,class,
4,0.09723962860015366,0.070399379486797,0.05987849639984634,0.086718745513203,0.10367623959032332,0.1779894475036571,0.16597987152078778,0.09166666360745403,class,
4,0.09609376817357053,0.12536187273112825,0.11928513807642949,0.09001703351887175,0.07361107678651992,0.12718542157628512,0.1376775343245912,0.084103189534826,class,
4,0.17029808692419296,0.15312496151597763,0.13959956932580703,0.15677269473402236,0.012238190273158386,0.07222225263299308,0.05998403194906385,-3.0410770858314685e-08,class,
4,0.17734374650766532,0.14779037275151202,0.1437407847423347,0.173294158498488,0.12777774496732763,0.1384279756966518,0.1029128105882279,0.09226257985890372,class,
4,0.14154787345267902,0.12246714667796685,0.10795650154732095,0.12703722832203312,0.1025798112160571,0.13115130126776256,0.10052435545060959,0.07195286539890414,class,
4,0.15850610541851692,0.13593748184785825,0.11649092583148306,0.13905954940214174,0.0787446726609613,0.18194442765627303,0.16850366067237202,0.06530390567706028,class,
4,0.7555933611636613,0.8653777871860319,0.8582219513363386,0.7484375253139678,0.09491082957232515,0.1774283599640047,0.20751750376100808,0.12499997336932858,class,
4,0.8718418764554116,0.8591583651255391,0.8326290610445884,0.8453125723744609,0.21913270502686355,0.22610775393804308,0.0736417394175809,0.06666669050640137,class,
4,0.8272450049613738,0.8765624641480795,0.8753828075386263,0.8260653483519207,0.14675861083239805,0.15555550166899487,0.17645722250093526,0.16766033166433847,class,
4,0.7650110743757115,0.7891031368096845,0.7593750193742884,0.7352829569403154,0.1240030962493092,0.15330490371588162,0.23055551486180192,0.2012537073952295,class,
4,0.8814850715241361,0.8696177742388007,0.8623514909758638,0.8742187882611991,0.23832644963329133,0.25275995870596046,0.23387799481115307,0.21944448573848396,class,
4,0.8920711230831149,0.8773015294914241,0.8758976269168851,0.8906672205085758,0.24723142168758738,0.24986590553116686,0.22499080053463483,0.22235631669105535,class,
4,0.9797027355908087,0.9427786031511027,0.9396383581591914,0.9765624905988973,0.11249173860940043,0.13279744284788184,0.11475020583504403,0.09444450159656262,class,
4,0.9983996059719505,0.9491624843790131,0.9445128940280494,0.9937500156209869,0.13482867217663275,0.17183685175808786,0.15228605004558948,0.11527787046413436,class,
4,0.9511413258473225,0.9664062444366956,0.9597624241526775,0.9444975055633043,0.25838827112540136,0.26111111663842507,0.3788295066523765,0.37610666113935276,class,
4,0.9136622218674312,0.9906206635614595,0.9882812156325688,0.9113227739385404,0.394821181630613,0.4085484705400843,0.4499999294804981,0.4362726405710268,class,
4,0.8264208912262585,0.8914062227399292,0.8835364525237412,0.8185511210100707,0.2993859911887353,0.36250003280516613,0.38810984214459804,0.3249958005281672,class,
4,0.8585937350935543,0.8343212925195319,0.8207723586564457,0.8450448012304681,0.37638894162001346,0.48737976562549307,0.4780152250466533,0.3670244010411737,class,
4,0.9407853274433406,0.9570312326219831,0.9490176413066592,0.9327717361280168,0.46220094881441487,0.4680555408422071,0.5383351622966962,0.5324805702689039,class,
4,0.9414823718084333,0.954687510429372,0.9450526281915665,0.9318474895706279,0.5705157761968004,0.5777776927418249,0.6331500571365329,0.6258881405915084,class,
4,0.9348987475151909,0.95078126829934,0.9470123462348091,0.9311298254506599,0.6263337123636227,0.6291667212787657,0.6959462876363773,0.6931132787212343,class,
4,0.9442962885666984,0.9098140808004944,0.9030177739333014,0.9374999816995055,0.846827376939832,0.8887660969931493,0.8711054008379457,0.8291666807846283,class,
4,0.9126040648887047,0.884555027368606,0.8766384351112952,0.9046874726313939,0.8914052341573144,0.9255196603650628,0.9049478213982411,0.8708333951904927,class,
4,0.8054687429926352,0.8404246385434595,0.839052038257365,0.8040961427065406,0.9680555490628334,0.974290728294025,0.9986111176038333,0.9923759383726417,class,
4,0.7592836429062123,0.7420843920697708,0.7390507320937877,0.7562499829302292,0.7752165491838809,0.781414690597143,0.7548092841494524,0.7486111427361903,class,
4,0.7397785960635787,0.7257812190126239,0.7227317164364214,0.7367290934873761,0.8530588302196327,0.8555555721553064,0.8015228364470339,0.7990260945113603,class,
4,0.7458868507509935,0.7253011107357898,0.7083204929990065,0.7289062330142101,0.8832723246493626,0.940268531031008,0.9208851753506375,0.863888968968992,class,
4,0.7230359245314893,0.6646724543512532,0.6580428254685107,0.7164062956487468,0.9556543612726265,0.999522193419356,0.9716456387273734,0.927777806580644,class,
4,0.30959797948345247,0.2956354506010918,0.29150623926654756,0.3054687681489082,0.9175284010852938,0.9187705414402121,0.772075487803595,0.7708333474486767,class,
4,0.16456987702886694,0.22246035747901333,0.21726543547113306,0.15937495502098661,0.9381998713865861,0.9700356475831151,0.9998912397245251,0.9680554635279961,class,
4,0.17917915505088955,0.12059830224634849,0.11329412619911043,0.1718749790036515,0.9009248485196489,0.9721733603003286,0.9531929292581288,0.881944417477449,class,
4,0.128223328049212,0.0970682258012447,0.08290745320078803,0.11406255544875532,0.9202834711994132,0.9773118663802934,0.9528618065783647,0.8958334113974844,class,
4,0.15234046485846015,0.21171873764603374,0.21044953514153986,0.15107126235396623,0.8366306536955179,0.8472221195251032,0.869710457415593,0.8591189915860078,class,
4,0.1859374868838893,0.1698603178511151,0.16765032561611068,0.18372749464888488,0.8430556148792888,0.8459233337372519,0.8067654962318224,0.8038977773738593,class,
4,0.2340993192695675,0.20069220872863122,0.19940536823043248,0.23281247877136874,0.832523241430335,0.8384821388390141,0.8156812030141095,0.8097223056054303,class,
4,0.2585937098478497,0.23391515201191443,0.21838441515215035,0.2430629729880856,0.7583332911112224,0.8136201628084692,0.7917100422221108,0.7364231705248641,class,
4,0.2640624559498424,0.2315775899266525,0.22976879405015765,0.2622536600733475,0.6541667199462331,0.6599611146374375,0.6279118911648779,0.6221174964736736,class,
4,0.20325733683115574,0.2406348757572693,0.22722125691884426,0.1898437179927307,0.5605773045484866,0.6165464898423033,0.6448579732292912,0.5888887879354745,class,
4,0.20890015956042451,0.1805292410742277,0.17391234043957549,0.2022832589257723,0.6170387367416938,0.6515446481994356,0.634350152147195,0.5998442406894533,class,
4,0.1554687377448151,0.18965970824097803,0.1701787622551849,0.13598779175902198,0.6194444587206652,0.6382471370918588,0.7502055412793349,0.7314028629081414,class,
4,0.4234375013976213,0.4167301131817459,0.40618734235237863,0.412894730568254,0.8027778237900841,0.8221920358044935,0.8106802317654717,0.7912660197510621,class,
4,0.4679158677012471,0.42053010598654594,0.406520538548753,0.45390630026345413,0.7130778121117587,0.7998158983329107,0.7756269101104638,0.6888888238893117,class,
4,0.3553864109893868,0.4162050764847943,0.40078124526061326,0.3399625797652057,0.6740738137184477,0.733141170854657,0.7833334085037745,0.7242660513675652,class,
4,0.4152212682863775,0.37334234574485126,0.3682773254636226,0.41015624800514877,0.5865754644348258,0.6180529886269988,0.5967553688985076,0.5652778447063346,class,
4,0.38524771959614906,0.3635121481159339,0.350139467903851,0.3718750393840661,0.35554270300518237,0.4157224739045722,0.40045757477259536,0.34027780387320555,class,
4,0.20837303195952792,0.18253089450573812,0.16263306179047207,0.18847519924426187,0.3969990276019846,0.422097005220165,0.3573454168424599,0.33224743922427946,class,
4,0.463691451533833,0.4290018781452386,0.42156042346616696,0.45624999685476136,0.566559366311617,0.6087502932086802,0.5894131336883831,0.5472222067913198,class,
4,0.5427539630895908,0.5126676320550382,0.5050699431604092,0.5351562741949618,0.34520281773331646,0.3902541052442978,0.3742180156000168,0.3291667280890354,class,
4,0.5175120817252347,0.500209037845728,0.49207198077476527,0.509375024654272,0.3682161914017923,0.3998888470181608,0.38583936415376324,0.3541667085373947,class,
4,0.5030851961994294,0.4665151180097517,0.4524924600505706,0.4890625382402483,0.39741037915514293,0.5251461173210256,0.5124579541781904,0.3847222160123077,class,
4,0.5355557829377522,0.5007559498432231,0.4847314045622477,0.5195312376567769,0.6610853177825522,0.7034103471991442,0.6617694044396701,0.6194443750230781,class,
4,0.4374999949921959,0.5048890628289661,0.49563797375780416,0.428248905921034,0.6361110896183437,0.6867628956600724,0.7256622437149898,0.6750104376732609,class,
4,0.4957275859479376,0.43353995833239906,0.4120311640520624,0.47421879166760095,0.5621372475490658,0.675969664942327,0.6388324746731564,0.5250000572798952,class,
4,0.3304687554979959,0.28597255635371505,0.2847153070020041,0.32921150614628497,0.5833333432949449,0.5912702250390881,0.5689936011494995,0.5610567194053563,class,
4,0.3332659355279385,0.3504707264462739,0.3414062519720616,0.32420146105372616,0.5325491493714719,0.538431500650742,0.622222239517417,0.6163398882381469,class,
4,0.3276023312443189,0.34453124166887245,0.31336891875568107,0.2964400083311276,0.6168918674329676,0.6333333001712361,0.7347417436781435,0.718300310939875,class,
4,0.33758602013055333,0.3570312301442361,0.34558413611944666,0.3261389261057639,0.6013258371892989,0.6083333735668052,0.7087249961440344,0.7017174597665281,class,
4,0.3758184068024498,0.35374966279090814,0.3396500306975502,0.36171877470909186,0.6202613791937829,0.6813636124550874,0.665268898583995,0.6041666653226905,class,
4,0.28291475375277503,0.2476936086383498,0.24521024624722498,0.2804313913616502,0.5337099255189285,0.5464026666291218,0.5246234078144048,0.5119306667042115,class,
4,0.3021361321461309,0.2781397294282499,0.27364511785386914,0.2976415205717501,0.4998271593920813,0.5231325527407223,0.5085061739412521,0.48520078059261096,class,
4,0.3322424295862719,0.3016892071542447,0.2967905391637281,0.3273437615957553,0.4571740166034515,0.49433413845502805,0.48160459450765963,0.4444444726560831,class,
4,0.3481475149213018,0.30761031939614225,0.30008779757869825,0.3406249931038578,0.48718655077306616,0.5176555904567112,0.4860245603380449,0.4555555206543999,class,
4,0.2695225801165958,0.2497523388222148,0.24585476363340422,0.26562500492778524,0.3786264507276543,0.3857511070561294,0.3515691048279014,0.34444444849942624,class,
4,0.011068596991220156,0.05078127756385424,0.04840640300877984,0.00869372243614576,0.20235527632951492,0.2166666699100006,0.23749444589270732,0.22318305231222163,class,
4,0.03248172380026605,0.05264261211887711,0.03281249494973394,0.012651606631122886,0.22993446348144886,0.2371999112804747,0.4111110920741067,0.40384564427508085,class,
4,0.00267911439861133,0.03366514434028449,0.030986041851388674,1.1909715515699692e-08,0.4027224051244065,0.4138889459772942,0.43738481709781574,0.42621827624492803,class,
4,0.05210795313957565,0.02854753379234861,0.025658296860424357,0.0492187162076514,0.9100610810398134,0.9185516142763226,0.8932128078490753,0.8847222746125661,class,
4,0.1259557989502904,0.10351627767173133,0.10021670104970962,0.1226562223282687,0.2556859655236861,0.2596885506929409,0.2012248678096472,0.19722228264039243,class,
4,0.10801118697357462,0.05377202662701702,0.04732334427642541,0.10156250462298297,0.2065055507978033,0.23633331587635203,0.1992722269799745,0.16944446190142576,class,
4,0.1293612594644393,0.0963562571945724,0.0873074905355607,0.12031249280542759,0.17277094002560972,0.1975785447671667,0.15952989330772357,0.13472228856616664,class,
4,0.15624998191684597,0.12518000855029054,0.11622454933315404,0.14729452269970947,0.8583333185816291,0.9152058881307452,0.8997433480850375,0.8428707785359214,class,
4,0.6041300895020046,0.6359375377442309,0.6284681917479953,0.596660743505769,0.3954819681498694,0.4069445263056418,0.4724510874056861,0.4609885292499137,class,
