4,0.0390625,0.09140625,0.09140625,0.0390625,0.15833333333333333,0.15833333333333333,0.17916666666666667,0.17916666666666667,class,
4,0.030910203599162522,0.06346280177970949,0.05624995265083747,0.023697354470290508,0.11325912979110123,0.13772671692540076,0.16805559243112103,0.1435880052968215,class,
4,0.1284113072178406,0.16171875039497896,0.15271822403215937,0.11941078085502103,0.09595878441765664,0.14583340196616842,0.16483038224901003,0.11495576470049824,class,
4,0.1741324934214707,0.1867187939702152,0.17418922532852932,0.16160292477978483,0.06940062371836768,0.14999999086057805,0.15618382072607678,0.07558445358386641,class,
4,0.07109375,0.08671875,0.08671875,0.07109375,0.06527777777777778,0.06527777777777778,0.0875,0.0875,class,
4,0.13137004734327112,0.07164764096120672,0.0707463589067289,0.13046876528879328,0.49235829504354384,0.5030111077791464,0.48704170495645616,0.4763888922208536,class,
4,0.08359375,0.11796875,0.11796875,0.08359375,0.5027777777777778,0.5027777777777778,0.5680555555555555,0.5680555555555555,class,
4,0.06767753135076379,0.09296870446796848,0.0798073123992362,0.05451613928203151,0.5324936451922608,0.6208333369703505,0.6327421881410724,0.5444024963629828,class,
4,0.03538660391145252,0.08205645553583572,0.0773437085885475,0.030673856964164293,0.6099060263463242,0.6267245992884809,0.6680556403203425,0.6512370673781857,class,
4,0.0,0.0171875,0.0171875,0.0,0.9527777777777777,0.9527777777777777,0.9880341666666668,0.9880341666666668,class,
4,0.32872825951036216,0.28608291732968627,0.2765690842396379,0.3192144264203137,0.7398962078872439,0.8037533651251729,0.7836729587794229,0.7198158015414939,class,
4,0.39218747889496935,0.34817271027971164,0.3375065836050307,0.3815213522202884,0.7388889087277438,0.8047966458106739,0.7822841468278117,0.7163764097448816,class,
4,0.40854571075927193,0.3571900766119609,0.3514391329907281,0.40279476713803913,0.6976307886978159,0.7362313093934819,0.7120494890799617,0.6734489683842958,class,
4,0.40135278169622807,0.37734378089913145,0.37020549955377197,0.3942145003508686,0.591826702444853,0.6277777925435154,0.6127113531107024,0.5767602630120401,class,
4,0.36640625,0.3796875,0.3796875,0.36640625,0.5472222222222223,0.5472222222222223,0.5666666666666667,0.5666666666666667,class,
4,0.378125,0.39296875,0.39296875,0.378125,0.5375,0.5375,0.5625,0.5625,class,
4,0.36875,0.3859375,0.3859375,0.36875,0.5638888888888889,0.5638888888888889,0.5916666666666667,0.5916666666666667,class,
4,0.4953125,0.515625,0.515625,0.4953125,0.6611111111111111,0.6611111111111111,0.6916666666666667,0.6916666666666667,class,
4,0.49765625,0.5203125,0.5203125,0.49765625,0.6944444444444444,0.6944444444444444,0.7222222222222222,0.7222222222222222,class,
4,0.5203125,0.540625,0.540625,0.5203125,0.6527777777777778,0.6527777777777778,0.6833333333333333,0.6833333333333333,class,
4,0.2960937510309876,0.3128835657897616,0.26743531146901234,0.25064549671023834,0.06805555724361842,0.17557312674318995,0.19800360942304826,0.09048603992347673,class,
4,0.3221398738178443,0.3749999762996677,0.3619123136821557,0.3090522112003323,0.10098710537309134,0.16527784635181034,0.1992870612935753,0.1349963203148563,class,
4,0.42265625,0.4390625,0.4390625,0.42265625,0.0,0.0,0.034722222222222224,0.034722222222222224,class,
4,0.47265622204464786,0.4167163386582125,0.41175924670535213,0.4676991300917875,0.06666662807291861,0.09742967251370346,0.0689408719270814,0.03817782748629655,class,
4,0.4895148883859501,0.5003977464436786,0.4948601116140499,0.48397725355632143,0.0381646086334754,0.040105813957163734,0.1382242802554135,0.13628307493172517,class,
4,0.5091316612127066,0.5218197239589062,0.5072745887872934,0.4945865260410939,-2.939455274741931e-08,0.006977531040506656,0.09056947383899716,0.08359191340393776,class,
4,0.590232147880914,0.5765625213595081,0.562160352119086,0.5758299786404919,0.06055884148419768,0.0708333655982998,0.010274491849135649,-3.226496646647882e-08,class,
4,0.59296875,0.60625,0.60625,0.59296875,0.21388888888888888,0.21388888888888888,0.26666666666666666,0.26666666666666666,class,
4,0.5609375,0.57578125,0.57578125,0.5609375,0.6361111111111111,0.6361111111111111,0.6875,0.6875,class,
4,0.5644242804066124,0.6023437139086998,0.5969394695933875,0.5590200360913002,0.7173318551902038,0.7458333295778932,0.768557311476463,0.7400558370887736,class,
4,0.5944865436237504,0.6264508969639061,0.6234375188762497,0.591473165536094,0.7589614492681597,0.7646630188873739,0.8180554951762846,0.8123539255570705,class,
4,0.6147205084361611,0.6462085235070004,0.6372682415638389,0.6057802264929995,0.7391012358382734,0.786251438892521,0.8051212641617268,0.757971061107479,class,
4,0.6300063166272762,0.666135773650064,0.6594824333727237,0.6233529763499359,0.7298521655428448,0.7649412541264059,0.7865925566793776,0.7515034680958165,class,
4,0.6648353645681203,0.7164062295730576,0.7069551041818798,0.6553842391769426,0.687414145830657,0.7374999981961594,0.7682558541693429,0.7181700018038405,class,
4,0.621875,0.64375,0.64375,0.621875,0.6472222222222223,0.6472222222222223,0.6736111111111112,0.6736111111111112,class,
4,0.65078125,0.69296875,0.69296875,0.65078125,0.6569444444444444,0.6569444444444444,0.6763888888888889,0.6763888888888889,class,
4,0.675,0.7203125,0.7203125,0.675,0.6444444444444445,0.6444444444444445,0.6625,0.6625,class,
4,0.6703125,0.6875,0.6875,0.6703125,0.5902777777777778,0.5902777777777778,0.6111111111111112,0.6111111111111112,class,
4,0.6796874857223999,0.6746056021050848,0.6540842330276,0.6591661166449152,0.6111111462863145,0.6251814729904351,0.6017563537136854,0.5876860270095647,class,
4,0.64609375,0.66015625,0.66015625,0.64609375,0.4708333333333333,0.4708333333333333,0.5736111111111111,0.5736111111111111,class,
4,0.54609375,0.58359375,0.58359375,0.54609375,0.49027777777777776,0.49027777777777776,0.5472222222222223,0.5472222222222223,class,
4,0.56875,0.59375,0.59375,0.56875,0.4111111111111111,0.4111111111111111,0.4930555555555556,0.4930555555555556,class,
4,0.6798278304213273,0.6937572563620001,0.6812499820786726,0.6673205561379998,0.3575130117438678,0.3625328062808441,0.47222226603391,0.46720247149693367,class,
4,0.7752415441068139,0.7648437583097009,0.7279872058931861,0.7383849916902993,0.14065586876034028,0.1694444546827658,0.12737274235077084,0.09858415642834532,class,
4,0.7937499659592333,0.7879099473582876,0.7511697215407667,0.7570097401417124,0.24444437980655656,0.26484299867264477,0.23159923130455454,0.2112006124384663,class,
4,0.8390625180295499,0.8357305860796286,0.78759513822045,0.7909270701703713,0.1374999798539842,0.15883676937037908,0.1350800201460158,0.11374323062962094,class,
4,0.8274133984375001,0.8398692578124999,0.8398692578124999,0.8274133984375001,0.17660694444444447,0.17660694444444447,0.26541750000000003,0.26541750000000003,class,
4,0.7781946484375,0.8242187890624999,0.8242187890624999,0.7781946484375,0.2875,0.2875,0.3126397222222222,0.3126397222222222,class,
4,0.8000696484375001,0.8117187890625,0.8117187890625,0.8000696484375001,0.2125,0.2125,0.25833333333333336,0.25833333333333336,class,
4,0.79296875,0.80625,0.80625,0.79296875,0.2152777777777778,0.2152777777777778,0.24305555555555555,0.24305555555555555,class,
4,0.7984375,0.8203125,0.8203125,0.7984375,0.4027777777777778,0.4027777777777778,0.4305555555555556,0.4305555555555556,class,
4,0.8914062656402576,0.8813520197357951,0.8726751406097423,0.8827293865142047,0.4000000383234264,0.4055291741537769,0.35566246167657367,0.3501333258462232,class,
4,0.92109375,0.93515625,0.93515625,0.92109375,0.4305555555555556,0.4305555555555556,0.5305555555555556,0.5305555555555556,class,
4,0.953836052332055,0.938737330681805,0.9270887914179446,0.9421875130681947,0.7252784161943262,0.7335816627691718,0.6666365838056737,0.6583333372308281,class,
4,0.9255699307633481,0.9385223509915136,0.9166175692366518,0.9036651490084864,0.07407922102099761,0.08381467957871387,0.1759207789790024,0.16618532042128611,class,
4,0.8834223906440581,0.9335937171461929,0.9266107343559419,0.8764394078538071,0.1234956523596748,0.17222226673635394,0.19494629208476968,0.14621967770809055,class,
4,0.9617187368519031,0.9652072469526798,0.9308187631480968,0.9273302530473201,0.1166666334259501,0.20412075950772762,0.2084561443518277,0.12100201827005018,class,
4,0.871875,0.90390625,0.90390625,0.871875,0.7527777777777778,0.7527777777777778,0.8097222222222222,0.8097222222222222,class,
4,0.95703125,1.0,1.0,0.95703125,0.6777777777777778,0.6777777777777778,0.7083333333333334,0.7083333333333334,class,
4,0.71640625,0.7328125,0.7328125,0.71640625,0.9291666666666667,0.9291666666666667,0.95,0.95,class,
4,0.6695312109375,0.6848772265625,0.6848772265625,0.6695312109375,0.9847222222222223,0.9847222222222223,1.0,1.0,class,
4,0.9557859267240859,0.9684636836855243,0.948437510775914,0.9357597538144757,0.8770974852662251,0.8866264980166368,0.9708333480671082,0.9613043353166965,class,
4,0.97421875,1.0,1.0,0.97421875,0.9652777777777778,0.9652777777777778,0.9935866666666666,0.9935866666666666,class,
4,0.30565572388410256,0.31608887480545866,0.3000424011158974,0.2896092501945413,0.7790302513652504,0.8195580229779569,0.8326136375236383,0.7920858659109319,class,
