4,0.14666266115427,0.13266271885811246,0.13124999509573002,0.14524993739188757,0.03781196314561449,0.04030916264953462,0.015277759076607736,0.012780559572687604,class,
4,0.0640625,0.0828125,0.0828125,0.0640625,0.034722222222222224,0.034722222222222224,0.05138888888888889,0.05138888888888889,class,
4,0.08194694633170799,0.06823471620720453,0.06336555366829202,0.07707778379279547,0.015847271369148964,0.0291646389969439,0.013319395297517704,2.0276697227693415e-06,class,
4,0.06649915365058667,0.04518376616664857,0.03962209634941332,0.06093748383335142,0.061154444024783296,0.08185602565483797,0.06375722264188338,0.04305564101182871,class,
4,0.05815036491418285,0.02343751382921094,0.01841213508581715,0.053124986170789056,0.11001982763134038,0.13611110561785095,0.11498017236865962,0.08888889438214906,class,
4,0.0571903679825045,0.04664793015265286,0.0386763507674955,0.04921878859734714,0.18192437352893068,0.18772198095748993,0.14190868202662488,0.1361110745980656,class,
4,0.15859374281631583,0.1968297690482516,0.1878267259336842,0.14959069970174843,0.2527777344000499,0.32276757773656595,0.3383122655999501,0.26832242226343406,class,
4,0.12343748787608903,0.16684439543012236,0.16354657462391098,0.12013966706987766,0.341666660557109,0.36553746942807125,0.3844902838873354,0.36061947501637304,class,
4,0.11227668109668812,0.14843746450390394,0.14745253765331187,0.11129175424609605,0.38243883129041123,0.38888892968243965,0.4063403353762555,0.39989023698422704,class,
4,0.14309687233716756,0.18667051596281856,0.18341734641283242,0.13984370278718145,0.37297050976740675,0.3969330119913803,0.41562921245481543,0.3916667102308419,class,
4,0.1840287659220393,0.1754415259267505,0.1695377965779607,0.1781250365732495,0.394268659486587,0.4007231009643417,0.3758988405134129,0.36944439903565823,class,
4,0.190449522153691,0.17520905745079673,0.167362977846309,0.18260344254920327,0.3511582872377526,0.3790554591648201,0.36550837942891407,0.3376112075018466,class,
4,0.22714800445016,0.21650398747179062,0.19999996429984004,0.2106439812782094,0.46399642502675015,0.46984989392070653,0.3749999638621388,0.36914649496818236,class,
4,0.24674767719028243,0.2898437499300011,0.2886335728097176,0.24553750006999892,0.42487157113097235,0.4333334045353916,0.45281287331347214,0.4443510399090529,class,
4,0.25425100732150124,0.2065752972073683,0.20154305517849874,0.24921876529263165,0.45109822411965533,0.4974010466905448,0.4810251092136779,0.43472228664278845,class,
4,0.35761286051566865,0.38359377758872265,0.3723305769843313,0.3463496599112773,0.04318428496258139,0.10138884700543097,0.11727849281519637,0.059073930772346794,class,
4,0.3421875478394045,0.368573239841016,0.3598305771605955,0.3334448851589841,0.06666673079392994,0.12577810253007737,0.13811188031718116,0.0790005085810337,class,
4,0.4294793870878835,0.4546875066764007,0.45364061291211655,0.4284324933235994,0.05522584661302026,0.05972228823578415,0.07827165338697974,0.07377521176421585,class,
4,0.4329057110848974,0.4617187790729127,0.45195522641510266,0.42314215842708736,0.07225859387301413,0.12500000853501267,0.14185779501587475,0.08911638035387623,class,
4,0.40390625,0.4171875,0.4171875,0.40390625,0.12916666666666668,0.12916666666666668,0.15555555555555556,0.15555555555555556,class,
4,0.41737663133136654,0.4330501206060836,0.43027961866863346,0.4146061293939164,0.13356252624347542,0.14218186560443113,0.15810414042319126,0.14948480106223552,class,
4,0.4888076146569992,0.44899240713634453,0.44712988534300085,0.4869450928636555,0.25238195292560284,0.2667302689632127,0.25039582485217493,0.23604750881456507,class,
4,0.49399470876523327,0.4288076304889462,0.4277816974847668,0.4929687757610538,0.2876224611543744,0.2992500190463969,0.28107198329007005,0.2694444253980475,class,
4,0.3899532782088101,0.37679590500242094,0.3727801592911899,0.38593753249757906,0.3175232512171613,0.32475889119653045,0.301680082116172,0.2944444421368028,class,
4,0.5142919334955818,0.4628125017277104,0.45867681650441827,0.5101562482722897,0.35571261342573535,0.38402271976473773,0.36025460879648685,0.33194450245748447,class,
4,0.39103245973520445,0.42500003596915403,0.4229278527647956,0.3889602765308461,0.43914791621136245,0.4513889270283002,0.46956208378863756,0.4573210729716998,class,
4,0.4758005581212784,0.46229920621089515,0.45837366062872154,0.4718750125391048,0.48066611505052453,0.48307437992616725,0.413519440505031,0.41111117562938826,class,
4,0.29388091573026054,0.31544877071369315,0.30359908426973947,0.28203122928630686,0.5059181032246804,0.5656335591454532,0.5791599523308751,0.5194444964101024,class,
4,0.31085438729122916,0.3500696002817473,0.3484374877087708,0.3092222747182527,0.49325312225799844,0.5002480476556246,0.5291665999642238,0.5221716745665976,class,
4,0.3289062056130783,0.3592475650843007,0.3507081693869217,0.3203668099156992,0.545833332784958,0.6013722369358839,0.6161163894372642,0.5605774852863382,class,
4,0.3671874688100914,0.40535350233796663,0.3973867499399086,0.35922071641203335,0.5263889095053877,0.5728080888206278,0.5935102571612789,0.5470910778460388,class,
4,0.40859377183914064,0.42603964410488704,0.4145193531608594,0.39707348089511296,0.5249999171998894,0.5640835781741362,0.5803359161334439,0.5412522551591972,class,
4,0.44374997958661117,0.4733772778199558,0.4695784579133889,0.4399511596800442,0.563888856136333,0.5801818291524551,0.6020139216414448,0.5857209486253228,class,
4,0.44985708541332253,0.41615279626449764,0.4116082270866775,0.4453125162355024,0.670498135473884,0.6958313463751468,0.6767221423038937,0.651388931402631,class,
4,0.40393912066686977,0.38645296297534315,0.3793888480831302,0.3968750057746569,0.7044677993887193,0.7257352042255942,0.7073785895001697,0.6861111846632947,class,
4,0.33936628672110064,0.3648437674441427,0.36181902577889935,0.3363415450558573,0.3554335603598038,0.3694444196244568,0.38682782852908504,0.37281696926443203,class,
4,0.3386636796636205,0.31296002970361525,0.3086713203363795,0.33437497029638474,0.41108892150307075,0.4304085986662294,0.41237524516359586,0.3930555680004372,class,
4,0.33380153858186484,0.3450136905223684,0.3351022114181352,0.3238900594776316,0.34305077951694063,0.3822137729456404,0.39118199826083716,0.35201900483213744,class,
4,0.3796874860296675,0.3676226468537713,0.3316623577203325,0.34372719689622866,0.2194444880108744,0.2967044494729751,0.27895662310023667,0.201696661638136,class,
4,0.34218750445629276,0.33214533417335745,0.30658546429370725,0.3166276345766425,0.22777788480221225,0.331285822819345,0.32344850408667664,0.21994056606954387,class,
4,0.23437706966711808,0.28906247438620547,0.28642324283288195,0.23173783811379453,0.24353781258788654,0.2652777567101931,0.2862596874121135,0.26451974328980693,class,
4,0.48555077967931465,0.524218770534131,0.5218957828206854,0.483227791965869,0.0471761795877851,0.06111109478641419,0.0814838204122149,0.06754890521358581,class,
4,0.9166230174854555,0.8812864178948832,0.8607571387645446,0.8960937383551169,0.18312857882964223,0.26229244491812903,0.23333058783702443,0.15416672174853766,class,
4,0.88359375,0.8984375,0.8984375,0.88359375,0.28888888888888886,0.28888888888888886,0.31527777777777777,0.31527777777777777,class,
4,0.8981856986470202,0.8851692339902264,0.8802389888529799,0.8932554535097736,0.33164130104302436,0.34142488801865667,0.3206939767347534,0.3109103897591211,class,
4,0.8797596302715686,0.9351562834690735,0.9349874009784316,0.8795907477809266,0.6021968182837373,0.6041667397272898,0.619176515049596,0.6172065936060435,class,
4,0.8449522845872315,0.8820312499322911,0.8782408404127684,0.8411618750677088,0.5721302585045124,0.6000000098035676,0.615938074828821,0.5880683235297658,class,
4,0.7766146443389075,0.817187525040515,0.8129167619110929,0.7723438812094853,0.45839297797360207,0.4888888692186013,0.5068467442486203,0.47635085300362107,class,
4,0.8416583513836462,0.8142763232016504,0.8056855548663536,0.8330675830483495,0.48161902168422926,0.5429624230682439,0.5308429227602153,0.4694995213762006,class,
4,0.8323975839005548,0.8033248329286252,0.8021772598494451,0.8312500108213747,0.5489381645333528,0.5556952903037471,0.5400904465777583,0.533333320807364,class,
4,0.8266070686179215,0.7762253480302694,0.7699307438820784,0.8203124644697304,0.5913364368973648,0.6652596790402585,0.6517010631026352,0.5777778209597415,class,
4,0.9770700518939627,0.9392161261822342,0.9371460418560374,0.9749999675677661,0.7514881569171101,0.7651296804252905,0.7469748986384454,0.733333375130265,class,
4,0.9437547809009516,0.9947655318831184,0.9904119378490485,0.9394011868668816,0.7793950543673309,0.8104571889855967,0.8330532789660025,0.8019911443477366,class,
4,0.9800295595933113,0.999218762597071,0.9949252841566887,0.975736081152929,0.7352382301304647,0.756626073510445,0.7688006587584241,0.7474128153784437,class,
