4,0.008485847821341713,0.05451729634246376,0.052451652178658284,0.006420203657536238,0.09925028264567234,0.11498852389371404,0.134083050687661,0.11834480943961928,class,
4,0.09728856861135185,0.10802184870234124,0.08750002513864816,0.07676674504765876,0.0011569884843522812,0.007059553123207923,0.12499995596009215,0.11909739132123652,class,
4,0.08256841184680631,0.1123136614152546,0.10546877565319372,0.0757235260847454,0.054392214894004365,0.08328093293892569,0.10555556288377343,0.0766668448388521,class,
4,0.11777644968470577,0.13668509641705076,0.12343745656529423,0.10452880983294925,0.048188618397667665,0.05858707149167097,0.1347222149356657,0.12432376184166236,class,
4,0.08914176655073305,0.0632812751201145,0.05298854594926694,0.0788490373798855,0.13789860578375182,0.19583333929846533,0.18131278310513707,0.12337804959042356,class,
4,0.01171875,0.0546875,0.0546875,0.01171875,0.20972222222222223,0.20972222222222223,0.24166666666666667,0.24166666666666667,class,
4,0.08696408965179248,0.05747658085584788,0.05410622284820752,0.08359373164415211,0.2110364014361097,0.22725247999442935,0.207882765230557,0.19166668667223732,class,
4,0.06141156443599832,0.042210687515658804,0.026612185564001672,0.045813062484341194,0.252348133824507,0.3055100382715658,0.287704366175493,0.2345424617284342,class,
4,0.048052032261146266,0.01586426662216327,-1.0111462417361495e-09,0.03218776462783675,0.3107097354028416,0.42892915768368606,0.4152777645971585,0.29705834231631406,class,
4,0.11376174875463918,0.1374253093572285,0.12187496999536082,0.09821140939277152,0.19435242131315142,0.21066926296889374,0.28194452313129303,0.2656276814755507,class,
4,0.12421870762629617,0.08361669930453866,0.07221582362370384,0.11281783194546136,0.15694442193396424,0.20632630235629476,0.176700300288258,0.12731841986592748,class,
4,0.1484375,0.1609375,0.1609375,0.1484375,0.10277777777777777,0.10277777777777777,0.125,0.125,class,
4,0.15840342886562642,0.1699166912906625,0.15409657113437358,0.1425833087093375,-4.5253533636429524e-08,0.008653695686658594,0.07517476747575585,0.06652102653556362,class,
4,0.11140561642780722,0.15390628014359406,0.15020032107219278,0.10769965735640592,0.1624616334553083,0.17777774199036483,0.210279199878025,0.1949630913429685,class,
4,0.14002657307774552,0.16044347308340293,0.13906248942225446,0.11864558941659706,0.06836144218854637,0.08370744551307453,0.17361105781145364,0.1582650544869255,class,
4,0.17990306756015725,0.14609375439087313,0.14431568243984275,0.17812499560912687,0.1253160400355546,0.1374999953776374,0.12190618218666761,0.1097222268445848,class,
4,0.19751105536822108,0.17281735739308404,0.16593128838177892,0.190624986356916,0.4159468756584637,0.42484581163665125,0.3644545132304252,0.35555557725223763,class,
4,0.2468782982527668,0.283301400670417,0.2804687329972332,0.24404563057958298,0.34536474624239827,0.35849066337025226,0.3833333093131573,0.3702073921853033,class,
4,0.028125,0.053125,0.053125,0.028125,0.8888888888888888,0.8888888888888888,0.9152777777777777,0.9152777777777777,class,
4,0.15781247424807626,0.10123556928267725,0.09326440075192374,0.14984130571732274,0.8527778039669962,0.9563399771480645,0.9425769182552262,0.8390147450741579,class,
4,0.09531245374922363,0.12615411741851182,0.10678989000077635,0.07594822633148816,0.9097222759733852,0.9559046314272373,0.9967757795821703,0.9505934241283183,class,
4,0.17227047665467626,0.11748017594044477,0.11005342959532372,0.1648437303095552,0.920001551008857,0.9732140897734278,0.9490459489911428,0.895833410226572,class,
4,0.15536326223459884,0.21484372619583153,0.21064220651540116,0.15116174255416848,0.9372369474608016,0.9819443906789507,0.9996111080947542,0.9549036648766049,class,
4,0.17054834978905545,0.22734377703698944,0.22204446271094458,0.16524903546301056,0.8184218912883919,0.8611111739475265,0.8833939420449413,0.8407046593858069,class,
4,0.24062502306596767,0.200896060059569,0.19955341443403235,0.239282377440431,0.8361111741136126,0.8431977138015706,0.8194079925530541,0.812321452865096,class,
4,0.2687484065599019,0.23437502281949224,0.22968909344009808,0.26406247718050774,0.754677191160569,0.7735801610556184,0.7466497532838755,0.727746783388826,class,
4,0.17364082228163916,0.19140623216164557,0.17851292771836086,0.16074751783835445,0.7465416556090749,0.8277777939923592,0.8366891777242585,0.7554530393409743,class,
4,0.26277559811780177,0.2507538802841977,0.22625955813219828,0.2382812759658023,0.6935675367906361,0.7052430727504384,0.625533574320475,0.6138580383606727,class,
4,0.18437495844676977,0.16318117034811178,0.15334910405323027,0.17454289215188826,0.6986110888247755,0.7062487526374261,0.6200208556196688,0.6123831918070183,class,
4,0.19307072326173894,0.210937507598141,0.18315990173826108,0.16529311740185898,0.601848514299657,0.6152777680918133,0.7320781523670096,0.7186488985748531,class,
4,0.21640622981990298,0.191203059056181,0.183637832680097,0.208841003443819,0.5972222214020333,0.6349614622207562,0.6189938897090779,0.5812546488903549,class,
4,0.1965556472366951,0.22955609487644554,0.21874997776330485,0.18574953012355438,0.5288805071867354,0.6028107921219732,0.6180556039243756,0.5441253189891379,class,
4,0.24843752178922385,0.2195786171334789,0.21770325946077618,0.24656216411652113,0.53888894300112,0.5492889059872497,0.5328418903322133,0.5224419273460836,class,
4,0.3098047690831421,0.2732094993159781,0.26887351216685795,0.30546878193402194,0.4960099373071072,0.5235161007780699,0.5052839515817817,0.47777778811081906,class,
4,0.2726775734785065,0.24547390950772602,0.24310883277149348,0.270312496742274,0.5290751852989808,0.5388786446387622,0.5181367591454638,0.5083332998056823,class,
4,0.34655430170008644,0.30820014371521726,0.2983646045499136,0.3367187625347828,0.43742616253094063,0.4948576983547516,0.47409828191350384,0.41666674608969284,class,
4,0.36921686755024286,0.3538473601223627,0.34322422619975723,0.35859373362763736,0.39831998005265995,0.432751975263408,0.4177652977251179,0.38333330251436987,class,
4,0.3840965335361621,0.36852809409343273,0.35786909146383794,0.3734375309065673,0.34966724575244057,0.3927719379744645,0.3806046986920038,0.3375000064699799,class,
4,0.3496253860041204,0.30495266671447524,0.29595227024587956,0.3406249895355247,0.47616599906028173,0.5304988503965897,0.507110667606385,0.4527778162700769,class,
4,0.3462769488024861,0.37578123207869235,0.3745693011975139,0.34506501792130767,0.4558483617814159,0.4611111219372103,0.4825846937741396,0.4773219336183452,class,
4,0.28513136684636353,0.33749999075895426,0.33628160190363643,0.28391297799104576,0.568436683601733,0.5777778190823306,0.5993658163982669,0.5900246809176695,class,
4,0.42778374266770236,0.3680061558229998,0.36406250733229767,0.4238400941770002,0.5702627941281753,0.6151935211350138,0.5986110947607136,0.5536803677538751,class,
4,0.36328128347803856,0.4221513267943163,0.4190944977719614,0.36022445445568374,0.6999999416263959,0.7105007531673648,0.7646631139291595,0.7541623023881905,class,
4,0.3326090813282016,0.347124481936199,0.3390624811717984,0.324547080563801,0.5212311174053182,0.5238202693345492,0.6666666603724595,0.6640775084432285,class,
4,0.3359375064706461,0.30659578296492346,0.2944782747793539,0.3238199982850765,0.6569444290516495,0.7381835259842943,0.7243514042816838,0.643112307349039,class,
4,0.3418744651473978,0.37968750104845045,0.3646217848526022,0.32680874895154954,0.5766509449724887,0.5902777571506097,0.7224048883608447,0.7087780761827236,class,
4,0.5476562231844722,0.5045560387828331,0.4957862768155278,0.5388864612171669,0.34444445696956866,0.40898269518228375,0.39047276525265356,0.32593452703993847,class,
4,0.5220796620497301,0.49025391206454144,0.4843750254502698,0.5162007754354585,0.3591967550720644,0.406852649411215,0.39444435603904665,0.34678846169989597,class,
4,0.4985537680023448,0.48281245186567806,0.4700020132476553,0.485743329384322,0.40996405032166605,0.48194451308767,0.4730903941227785,0.40110993135677453,class,
4,0.48931857530969003,0.4723212160620359,0.43456517469031003,0.4515625339379642,0.4810214829276117,0.6562188314978523,0.6446418504057218,0.46944450183548114,class,
4,0.4062499930628675,0.44046935232728507,0.4388784444371325,0.4046590851727149,0.580555532051486,0.5866593332795208,0.6148478012818472,0.6087440000538125,class,
4,0.44579019255214575,0.4341299870850214,0.43311605744785425,0.4447762629149786,0.6322483045268669,0.6343281601928507,0.6163628065842442,0.6142829509182605,class,
4,0.5380019722792269,0.49171375741468826,0.4818367777207732,0.5281249925853119,0.6526422350447322,0.6874339229580554,0.6459027649552679,0.6111110770419447,class,
4,0.42215471257921255,0.505944033070963,0.4898437249207874,0.40605440442903695,0.6120631004074256,0.6934396593531369,0.745833288481463,0.6644567295357519,class,
4,0.48248563798207644,0.4330617362645186,0.4085937370179235,0.4580176387354814,0.7156666444546828,0.8061354792572958,0.7638889111008728,0.6734200762982597,class,
4,0.43019875688322234,0.40859371082970625,0.39890296186677765,0.42050800792029375,0.7965637714511846,0.836111101273266,0.8193790063265933,0.7798316765045118,class,
4,0.6033703903307488,0.6206769485655876,0.6114733596692512,0.5941668014344124,0.9401880953755017,0.9881051931215069,0.998611071291165,0.9506939735451598,class,
4,0.6148437815875816,0.6290284899835614,0.6208484059124183,0.6066636975164386,0.9500000035487296,0.9892735580871762,0.9986111075623815,0.9593375530239349,class,
4,0.7140625064920109,0.7203920014306482,0.6851562435079892,0.6788267485693519,0.9291666300404561,0.9433464790357751,0.9930555921817662,0.9788757431864471,class,
4,0.6787181467114887,0.6940164500176806,0.6906249782885113,0.6753266749823192,0.9425213389754779,0.9480344404980033,0.9777778276911887,0.9722647261686632,class,
4,0.7430931803410689,0.7259594923729882,0.7125538509089312,0.7296875388770119,0.887549362546674,0.939631099683434,0.9256928596755482,0.8736111225387883,class,
4,0.7570847496816246,0.744531233765837,0.7319777503183753,0.7445312662341631,0.8677099407112602,0.8958333273532008,0.8781233926220732,0.8500000059801326,class,
4,0.7263599009958491,0.7398437621293745,0.7350066615041508,0.7215228003706253,0.768428140438749,0.7708332938347987,0.856539359561251,0.8541342061652012,class,
4,0.767968787658002,0.7779549353020487,0.7492754310919979,0.7392892834479513,0.7180555714409547,0.736334900597769,0.7858530396701564,0.7675737105133422,class,
4,0.8109374695741982,0.8377396871763091,0.8361487804258017,0.8093465628236908,0.9749999841113739,0.984658790301303,0.9986111269997372,0.9889523208098082,class,
4,0.9312147825027093,0.8949266368161382,0.8878072487472906,0.9240953944338617,0.8713108672932299,0.9154460454558846,0.8969457993734368,0.8528106212107821,class,
4,0.9731972637280977,0.9283026575263273,0.9230741425219025,0.9679687487236729,0.8358739132244503,0.8696181207410845,0.8476330312199942,0.8138888237033599,class,
4,0.9344651192204477,0.9488331043266648,0.9478026932795522,0.9334347081733352,0.6398689508119128,0.6406354733214624,0.7016785491880874,0.7009120266785377,class,
4,0.9395389345153025,0.9546874842581584,0.9497601279846976,0.9346115782418416,0.5500756320486039,0.5527777205304165,0.6400829790625073,0.6373808905806946,class,
4,0.958058252418813,0.9365932911131963,0.9332225288311868,0.9546874901368035,0.5430582579233658,0.5468870087560577,0.487162019854412,0.48333326902172014,class,
4,0.9139103646084165,0.9992187285225794,0.9951711978915837,0.9098628339774206,0.39842378827145786,0.4291666531216386,0.46466371172854215,0.4339208468783614,class,
4,0.9508222882432623,0.9632812195033982,0.9499872430067378,0.9375283117466019,0.334815167970249,0.3416667218727459,0.41806816536308433,0.41121661146058747,class,
4,0.9531179296874999,0.9820312890625,0.9820312890625,0.9531179296874999,0.21944451388888886,0.21944451388888886,0.3121404861111111,0.3121404861111111,class,
4,0.9986404766464423,0.9529068916632559,0.9507812421035575,0.996514827086744,0.10910533844713856,0.1255864764779083,0.10694438377508367,0.09046324574431391,class,
4,0.9992187405500115,0.9864795893933689,0.9741009469499886,0.9868400981066312,0.11612384312148127,0.17437627814915288,0.16582060132296317,0.10756816629529158,class,
4,0.9593750323572051,0.9372722762706773,0.9310635613927948,0.9531663174793226,0.011111090764637184,0.05156946251565132,0.04084946479091837,0.0003910930399042346,class,
4,0.8605985137068567,0.8454704959062637,0.8340907050431434,0.8492187228437365,0.15396824452136246,0.15941996997859878,0.059618422145304203,0.0541666966880679,class,
4,0.8615146996366807,0.9087296683813338,0.9078124878633194,0.8605975191186662,0.21977146288754723,0.2281933267213598,0.24444437044578615,0.23602250661197358,class,
4,0.8229751344191791,0.8640778151428394,0.8614151780808209,0.8203124973571606,0.19580880033690617,0.2184124431883886,0.23371481077420495,0.21111116792272253,class,
4,0.8306133250441959,0.8875100924350665,0.879687456205804,0.8227906888149334,0.2924164268715294,0.36161673415641815,0.38194440646180394,0.31274409917691515,class,
4,0.8578125099222996,0.8311155959047921,0.8157328025777003,0.8424297165952078,0.4027777572851139,0.4960274900609101,0.482108631603775,0.3888588988279788,class,
4,0.8066658536094705,0.8406250078200207,0.8328835213905295,0.7989243671799793,0.11007429657315555,0.14305557745886727,0.16824792564906665,0.13526664476335495,class,
4,0.8043949482415866,0.8429687760911013,0.8073789580084133,0.7688051301588987,0.06125518390605989,0.1680554993946689,0.208681204982829,0.10188088949421995,class,
4,0.7506063810586754,0.7853593122058218,0.7671875251913246,0.7324345940441782,0.061441715452833556,0.0739657472872664,0.23333328454716645,0.2208092527127336,class,
4,0.6282006718640104,0.5957840685547262,0.5793021406359895,0.6117187439452738,0.4397156533389968,0.4711987760399999,0.4175632355498921,0.38608011284888905,class,
4,0.2907105181046878,0.3069987252364724,0.3006632318953122,0.28437502476352755,0.7942030351492669,0.7965245348105452,0.9370127981840665,0.9346912985227882,class,
